5 248 0.041666666666666664
5 258 0.023255813953488372
5 259 0.023809523809523808
5 600 0.02702702702702703
5 793 0.03333333333333333
5 980 0.025
5 1128 0.022222222222222223
5 1168 0.043478260869565216
5 1207 0.02631578947368421
5 1374 0.02564102564102564
5 1477 0.02702702702702703
5 1484 0.02702702702702703
5 1559 0.02857142857142857
5 1579 0.04878048780487805
5 1648 0.022727272727272728
5 1682 0.029411764705882353
5 1831 0.024390243902439025
5 1934 0.02631578947368421
6 31 0.125
6 122 0.125
6 1044 0.038461538461538464
6 1225 0.03571428571428571
6 1706 0.05
6 1825 0.07142857142857142
16 1195 0.02631578947368421
16 1436 0.037037037037037035
16 1709 0.10526315789473684
18 150 0.02857142857142857
18 196 0.05
18 519 0.047619047619047616
18 884 0.03333333333333333
18 1029 0.02857142857142857
18 1462 0.05555555555555555
18 1523 0.02857142857142857
18 1676 0.03225806451612903
18 1786 0.043478260869565216
18 1806 0.03333333333333333
18 1809 0.029411764705882353
18 1839 0.027777777777777776
18 1920 0.05
18 1963 0.047619047619047616
18 1964 0.0625
22 155 0.09090909090909091
23 1375 0.045454545454545456
23 1466 0.0625
23 1531 0.038461538461538464
23 1593 0.045454545454545456
23 1799 0.07692307692307693
23 1922 0.043478260869565216
23 1928 0.05555555555555555
24 1836 0.045454545454545456
24 1863 0.05
31 6 0.125
31 122 0.1111111111111111
31 1706 0.047619047619047616
33 118 0.07692307692307693
43 150 0.03125
43 260 0.03571428571428571
43 1256 0.037037037037037035
43 1693 0.038461538461538464
43 1805 0.047619047619047616
43 1808 0.03571428571428571
43 1820 0.04
43 1923 0.034482758620689655
43 1928 0.043478260869565216
60 155 0.14285714285714285
68 496 0.07407407407407407
68 1092 0.037037037037037035
68 1094 0.06060606060606061
68 1138 0.043478260869565216
68 1255 0.05714285714285714
68 1283 0.04081632653061224
68 1354 0.10714285714285714
68 1383 0.025
68 1416 0.029411764705882353
68 1487 0.03225806451612903
68 1504 0.047619047619047616
68 1510 0.03225806451612903
68 1540 0.045454545454545456
68 1542 0.02857142857142857
68 1724 0.05405405405405406
68 1775 0.08
68 1782 0.023809523809523808
68 1785 0.04
68 1816 0.03225806451612903
68 1819 0.02564102564102564
68 1842 0.023255813953488372
68 1844 0.05405405405405406
68 1850 0.030303030303030304
68 1864 0.03333333333333333
81 1092 0.07142857142857142
81 1747 0.0625
84 1450 0.03333333333333333
92 622 0.03125
92 956 0.017857142857142856
92 1324 0.03225806451612903
92 1794 0.043478260869565216
92 1829 0.037037037037037035
92 1963 0.05
92 1971 0.038461538461538464
93 118 0.043478260869565216
93 196 0.047619047619047616
93 283 0.041666666666666664
93 1093 0.03125
93 1618 0.037037037037037035
93 1660 0.034482758620689655
93 1669 0.03333333333333333
93 1746 0.045454545454545456
93 1755 0.04
93 1805 0.04
93 1815 0.030303030303030304
93 1909 0.04
93 1954 0.030303030303030304
100 1121 0.07692307692307693
100 1333 0.1111111111111111
100 1363 0.09090909090909091
117 809 0.03125
117 876 0.023809523809523808
117 899 0.058823529411764705
117 1285 0.02127659574468085
117 1370 0.037037037037037035
117 1652 0.03333333333333333
117 1818 0.03125
118 33 0.07692307692307693
118 93 0.043478260869565216
118 196 0.05263157894736842
118 283 0.045454545454545456
118 918 0.041666666666666664
118 1093 0.03333333333333333
118 1263 0.05555555555555555
118 1660 0.037037037037037035
118 1669 0.03571428571428571
118 1746 0.05
118 1755 0.043478260869565216
118 1805 0.043478260869565216
118 1815 0.03225806451612903
118 1909 0.043478260869565216
118 1954 0.03225806451612903
118 1958 0.09090909090909091
120 746 0.043478260869565216
120 950 0.04
120 1450 0.024390243902439025
120 1519 0.029411764705882353
122 6 0.125
122 31 0.1111111111111111
122 1225 0.034482758620689655
122 1706 0.047619047619047616
147 1044 0.04
147 1045 0.04
147 1953 0.058823529411764705
147 1974 0.045454545454545456
150 18 0.02857142857142857
150 43 0.03125
150 196 0.03125
150 259 0.022222222222222223
150 260 0.047619047619047616
150 316 0.01818181818181818
150 490 0.02702702702702703
150 711 0.022222222222222223
150 877 0.01818181818181818
150 884 0.023809523809523808
150 1029 0.043478260869565216
150 1090 0.025
150 1222 0.02040816326530612
150 1252 0.023255813953488372
150 1253 0.019230769230769232
150 1256 0.023809523809523808
150 1257 0.02564102564102564
150 1429 0.02040816326530612
150 1462 0.041666666666666664
150 1534 0.023255813953488372
150 1538 0.03333333333333333
150 1544 0.022727272727272728
150 1660 0.025
150 1710 0.024390243902439025
150 1717 0.03571428571428571
150 1738 0.02631578947368421
150 1777 0.022222222222222223
150 1786 0.02857142857142857
150 1808 0.023255813953488372
150 1810 0.02127659574468085
150 1814 0.020833333333333332
150 1817 0.018518518518518517
150 1818 0.023809523809523808
150 1819 0.022222222222222223
150 1901 0.07142857142857142
150 1920 0.03125
150 1923 0.022727272727272728
150 1942 0.038461538461538464
150 1943 0.02631578947368421
150 1951 0.029411764705882353
155 22 0.09090909090909091
155 60 0.14285714285714285
169 283 0.045454545454545456
169 926 0.029411764705882353
169 1101 0.034482758620689655
169 1142 0.02631578947368421
169 1412 0.05263157894736842
169 1485 0.02857142857142857
169 1501 0.06666666666666667
169 1724 0.03225806451612903
169 1755 0.043478260869565216
169 1836 0.06896551724137931
169 1840 0.030303030303030304
169 1952 0.06666666666666667
169 1958 0.043478260869565216
174 1947 0.125
182 399 0.08333333333333333
182 578 0.07142857142857142
182 595 0.07142857142857142
182 1123 0.07142857142857142
182 1654 0.04
182 1662 0.06666666666666667
182 1944 0.03125
188 1360 0.03571428571428571
188 1579 0.02857142857142857
191 1491 0.06666666666666667
196 18 0.05
196 93 0.047619047619047616
196 118 0.05263157894736842
196 150 0.03125
196 259 0.03333333333333333
196 260 0.03571428571428571
196 283 0.05
196 490 0.045454545454545456
196 519 0.05555555555555555
196 585 0.05
196 622 0.03333333333333333
196 961 0.030303030303030304
196 1025 0.030303030303030304
196 1029 0.06451612903225806
196 1037 0.038461538461538464
196 1093 0.03571428571428571
196 1156 0.038461538461538464
196 1222 0.029411764705882353
196 1325 0.05555555555555555
196 1391 0.047619047619047616
196 1523 0.03125
196 1535 0.043478260869565216
196 1538 0.06666666666666667
196 1660 0.08333333333333333
196 1669 0.038461538461538464
196 1685 0.034482758620689655
196 1746 0.05555555555555555
196 1755 0.047619047619047616
196 1777 0.03333333333333333
196 1795 0.05555555555555555
196 1805 0.047619047619047616
196 1806 0.037037037037037035
196 1807 0.09090909090909091
196 1809 0.03225806451612903
196 1810 0.03125
196 1814 0.030303030303030304
196 1815 0.034482758620689655
196 1818 0.037037037037037035
196 1819 0.03333333333333333
196 1901 0.07142857142857142
196 1909 0.047619047619047616
196 1920 0.125
196 1940 0.04
196 1954 0.034482758620689655
196 1963 0.05555555555555555
219 1508 0.038461538461538464
219 1902 0.037037037037037035
232 861 0.05
232 924 0.1
232 1102 0.09090909090909091
232 1104 0.09090909090909091
232 1502 0.05263157894736842
232 1523 0.038461538461538464
232 1763 0.125
232 1844 0.043478260869565216
232 1971 0.05555555555555555
232 1973 0.05
236 1044 0.023255813953488372
236 1077 0.021739130434782608
236 1178 0.030303030303030304
236 1296 0.027777777777777776
236 1523 0.022727272727272728
236 1542 0.02631578947368421
236 1581 0.02631578947368421
236 1591 0.027777777777777776
236 1782 0.022222222222222223
236 1789 0.02564102564102564
236 1819 0.023809523809523808
236 1844 0.024390243902439025
248 5 0.041666666666666664
248 255 0.022727272727272728
248 259 0.04
248 793 0.07692307692307693
248 956 0.02040816326530612
248 980 0.043478260869565216
248 1168 0.16666666666666666
248 1207 0.047619047619047616
248 1374 0.045454545454545456
248 1954 0.041666666666666664
255 248 0.022727272727272728
255 288 0.022222222222222223
255 876 0.014492753623188406
255 938 0.017543859649122806
255 956 0.011627906976744186
255 1126 0.017241379310344827
255 1142 0.029850746268656716
255 1146 0.016129032258064516
255 1420 0.0196078431372549
255 1429 0.015151515151515152
255 1439 0.016666666666666666
255 1442 0.01639344262295082
255 1456 0.03389830508474576
255 1507 0.01694915254237288
255 1543 0.017543859649122806
255 1696 0.016129032258064516
255 1716 0.017857142857142856
255 1779 0.018518518518518517
255 1809 0.015873015873015872
255 1817 0.014084507042253521
255 1839 0.015384615384615385
255 1884 0.02040816326530612
255 1927 0.01639344262295082
255 1928 0.01818181818181818
255 1954 0.01639344262295082
255 1980 0.017241379310344827
258 5 0.023255813953488372
258 260 0.023809523809523808
258 316 0.018518518518518517
258 1029 0.021739130434782608
258 1128 0.02127659574468085
258 1383 0.022222222222222223
258 1435 0.022727272727272728
258 1439 0.023809523809523808
258 1452 0.037037037037037035
258 1462 0.020833333333333332
258 1484 0.02564102564102564
258 1559 0.02702702702702703
258 1579 0.022727272727272728
258 1648 0.021739130434782608
258 1682 0.027777777777777776
258 1808 0.023809523809523808
258 1817 0.018867924528301886
258 1831 0.023255813953488372
258 1934 0.025
259 5 0.023809523809523808
259 150 0.022222222222222223
259 196 0.03333333333333333
259 248 0.04
259 260 0.05
259 711 0.023255813953488372
259 793 0.03225806451612903
259 877 0.018867924528301886
259 980 0.024390243902439025
259 1029 0.045454545454545456
259 1077 0.02127659574468085
259 1119 0.03225806451612903
259 1156 0.02564102564102564
259 1168 0.041666666666666664
259 1207 0.02564102564102564
259 1252 0.024390243902439025
259 1253 0.02
259 1325 0.03225806451612903
259 1374 0.025
259 1391 0.029411764705882353
259 1429 0.02127659574468085
259 1535 0.027777777777777776
259 1594 0.06451612903225806
259 1806 0.025
259 1807 0.027777777777777776
259 1817 0.0392156862745098
259 1923 0.023809523809523808
259 1940 0.02631578947368421
259 1951 0.03125
260 43 0.03571428571428571
260 150 0.047619047619047616
260 196 0.03571428571428571
260 258 0.023809523809523808
260 259 0.05
260 500 0.038461538461538464
260 711 0.024390243902439025
260 877 0.04
260 1029 0.023255813953488372
260 1156 0.08571428571428572
260 1228 0.02702702702702703
260 1252 0.02564102564102564
260 1253 0.020833333333333332
260 1325 0.034482758620689655
260 1383 0.023809523809523808
260 1391 0.03125
260 1439 0.02564102564102564
260 1457 0.02702702702702703
260 1535 0.029411764705882353
260 1656 0.02631578947368421
260 1793 0.021739130434782608
260 1802 0.024390243902439025
260 1807 0.06060606060606061
260 1808 0.02564102564102564
260 1814 0.022727272727272728
260 1817 0.04081632653061224
260 1819 0.024390243902439025
260 1824 0.03333333333333333
260 1826 0.018867924528301886
260 1923 0.025
260 1934 0.02702702702702703
260 1940 0.027777777777777776
260 1951 0.03333333333333333
262 1222 0.027777777777777776
262 1620 0.045454545454545456
273 356 0.05555555555555555
273 1118 0.043478260869565216
273 1727 0.03571428571428571
273 1814 0.034482758620689655
279 744 0.1
279 1222 0.03571428571428571
279 1948 0.125
279 1955 0.0625
283 93 0.041666666666666664
283 118 0.045454545454545456
283 169 0.045454545454545456
283 196 0.05
283 457 0.03571428571428571
283 840 0.041666666666666664
283 1093 0.03225806451612903
283 1118 0.03333333333333333
283 1660 0.03571428571428571
283 1669 0.034482758620689655
283 1746 0.047619047619047616
283 1755 0.041666666666666664
283 1805 0.041666666666666664
283 1815 0.03125
283 1909 0.041666666666666664
283 1954 0.03125
285 877 0.027777777777777776
285 1283 0.02702702702702703
285 1923 0.04
288 255 0.022222222222222223
288 1111 0.07692307692307693
297 951 0.03225806451612903
297 961 0.02564102564102564
297 1008 0.03125
297 1026 0.043478260869565216
297 1272 0.06451612903225806
297 1465 0.03571428571428571
297 1579 0.027777777777777776
297 1776 0.04
297 1868 0.027777777777777776
297 1911 0.03571428571428571
308 393 0.09090909090909091
308 1093 0.04
308 1146 0.037037037037037035
308 1284 0.05555555555555555
308 1367 0.05
308 1843 0.02631578947368421
308 1889 0.1
308 1897 0.06666666666666667
308 1968 0.045454545454545456
309 1195 0.02702702702702703
309 1406 0.125
309 1841 0.05263157894736842
316 150 0.01818181818181818
316 258 0.018518518518518517
316 319 0.023255813953488372
316 415 0.02702702702702703
316 437 0.02631578947368421
316 748 0.027777777777777776
316 751 0.02040816326530612
316 861 0.02040816326530612
316 876 0.016666666666666666
316 961 0.017857142857142856
316 1007 0.022727272727272728
316 1046 0.0196078431372549
316 1069 0.021739130434782608
316 1076 0.020833333333333332
316 1077 0.017543859649122806
316 1102 0.025
316 1104 0.025
316 1126 0.041666666666666664
316 1222 0.017543859649122806
316 1228 0.02040816326530612
316 1281 0.0196078431372549
316 1283 0.015625
316 1292 0.022222222222222223
316 1296 0.02127659574468085
316 1323 0.017857142857142856
316 1358 0.024390243902439025
316 1370 0.022222222222222223
316 1377 0.041666666666666664
316 1429 0.017543859649122806
316 1440 0.041666666666666664
316 1462 0.017543859649122806
316 1537 0.023809523809523808
316 1541 0.02631578947368421
316 1626 0.021739130434782608
316 1647 0.018518518518518517
316 1753 0.025
316 1774 0.022727272727272728
316 1775 0.025
316 1782 0.017857142857142856
316 1802 0.018867924528301886
316 1811 0.02
316 1818 0.04081632653061224
316 1822 0.02127659574468085
316 1823 0.02127659574468085
316 1826 0.015384615384615385
316 1842 0.017543859649122806
316 1844 0.019230769230769232
316 1933 0.020833333333333332
316 1973 0.02040816326530612
319 316 0.023255813953488372
319 326 0.0625
319 1377 0.034482758620689655
319 1440 0.034482758620689655
319 1757 0.034482758620689655
319 1818 0.03333333333333333
326 319 0.0625
326 985 0.05
326 986 0.043478260869565216
326 1578 0.05263157894736842
328 504 0.1111111111111111
328 538 0.1
330 1620 0.038461538461538464
330 1844 0.02857142857142857
330 1968 0.06666666666666667
330 1979 0.03333333333333333
335 1121 0.07692307692307693
335 1244 0.1111111111111111
335 1436 0.03571428571428571
335 1842 0.03125
336 342 0.037037037037037035
336 423 0.07142857142857142
336 809 0.034482758620689655
336 1025 0.02857142857142857
336 1092 0.05
336 1222 0.027777777777777776
336 1285 0.022727272727272728
336 1316 0.03125
336 1383 0.030303030303030304
336 1642 0.03225806451612903
336 1998 0.03571428571428571
340 469 0.029411764705882353
340 956 0.013157894736842105
340 1037 0.06521739130434782
340 1049 0.020833333333333332
340 1142 0.03508771929824561
340 1166 0.029411764705882353
340 1195 0.015873015873015872
340 1411 0.027777777777777776
340 1485 0.01818181818181818
340 1526 0.02127659574468085
340 1589 0.022222222222222223
340 1640 0.027777777777777776
340 1756 0.023255813953488372
340 1811 0.02040816326530612
340 1954 0.0196078431372549
342 336 0.037037037037037035
342 883 0.03225806451612903
342 1050 0.034482758620689655
342 1069 0.03225806451612903
342 1222 0.023809523809523808
342 1252 0.027777777777777776
342 1442 0.02702702702702703
342 1727 0.025
342 1951 0.037037037037037035
342 1980 0.029411764705882353
346 877 0.023255813953488372
346 975 0.034482758620689655
346 1065 0.05263157894736842
346 1077 0.02702702702702703
346 1139 0.058823529411764705
346 1283 0.046511627906976744
346 1456 0.03225806451612903
346 1500 0.07692307692307693
346 1531 0.029411764705882353
346 1536 0.037037037037037035
346 1538 0.05555555555555555
346 1757 0.034482758620689655
346 1775 0.05
346 1877 0.05555555555555555
346 1884 0.05
346 1928 0.038461538461538464
356 273 0.05555555555555555
356 357 0.10526315789473684
356 973 0.05263157894736842
356 1195 0.044444444444444446
357 356 0.10526315789473684
358 861 0.03225806451612903
358 1045 0.027777777777777776
358 1097 0.030303030303030304
358 1105 0.02857142857142857
358 1127 0.03125
358 1191 0.03125
358 1225 0.02631578947368421
358 1283 0.021739130434782608
358 1285 0.02127659574468085
358 1292 0.037037037037037035
358 1294 0.03225806451612903
358 1377 0.03225806451612903
358 1441 0.029411764705882353
358 1457 0.03225806451612903
358 1534 0.030303030303030304
358 1642 0.029411764705882353
358 1643 0.03125
358 1806 0.06451612903225806
358 1809 0.027777777777777776
358 1818 0.03125
358 1840 0.027777777777777776
358 1841 0.03571428571428571
358 1884 0.045454545454545456
358 1946 0.03333333333333333
358 1951 0.041666666666666664
358 1984 0.058823529411764705
364 980 0.02631578947368421
364 1286 0.021739130434782608
364 1560 0.02631578947368421
364 1809 0.024390243902439025
364 1826 0.019230769230769232
364 1942 0.047619047619047616
364 1977 0.02631578947368421
373 1836 0.03125
376 1450 0.02564102564102564
376 1643 0.03225806451612903
376 1954 0.030303030303030304
393 308 0.09090909090909091
393 1093 0.04
393 1146 0.037037037037037035
393 1284 0.05555555555555555
393 1367 0.05
393 1843 0.02631578947368421
393 1897 0.06666666666666667
396 397 0.25
396 398 0.1111111111111111
396 610 0.42857142857142855
396 1366 0.25
397 396 0.25
397 398 0.1111111111111111
397 610 0.25
397 1366 0.25
398 396 0.1111111111111111
398 397 0.1111111111111111
398 610 0.1111111111111111
398 1366 0.1111111111111111
399 182 0.08333333333333333
399 1411 0.1
410 414 0.1111111111111111
410 1057 0.42857142857142855
410 1395 0.1111111111111111
411 1428 0.14285714285714285
413 460 0.1111111111111111
413 864 0.05555555555555555
413 980 0.04
413 1709 0.05
413 1831 0.038461538461538464
413 1933 0.045454545454545456
414 410 0.1111111111111111
414 815 0.1111111111111111
414 1057 0.1111111111111111
414 1395 0.1111111111111111
415 316 0.02702702702702703
415 437 0.08333333333333333
415 748 0.1
415 876 0.029411764705882353
415 1126 0.043478260869565216
415 1537 0.0625
415 1626 0.05
415 1647 0.03571428571428571
423 336 0.07142857142857142
430 1488 0.08333333333333333
433 1015 0.043478260869565216
433 1082 0.03125
433 1491 0.05263157894736842
433 1677 0.041666666666666664
433 1758 0.045454545454545456
433 1854 0.047619047619047616
433 1918 0.041666666666666664
433 1938 0.037037037037037035
433 1997 0.058823529411764705
433 2015 0.043478260869565216
437 316 0.02631578947368421
437 415 0.08333333333333333
437 748 0.09090909090909091
437 876 0.02857142857142857
437 1126 0.041666666666666664
437 1462 0.03125
437 1537 0.058823529411764705
437 1626 0.047619047619047616
437 1647 0.034482758620689655
437 1744 0.03125
439 607 0.058823529411764705
443 497 0.0625
443 1272 0.037037037037037035
455 1555 0.05
457 283 0.03571428571428571
460 413 0.1111111111111111
460 864 0.0625
460 980 0.043478260869565216
460 1544 0.041666666666666664
460 1709 0.05555555555555555
460 1831 0.041666666666666664
460 1919 0.045454545454545456
460 1933 0.05
468 921 0.06666666666666667
468 1528 0.041666666666666664
469 340 0.029411764705882353
469 1166 0.14285714285714285
469 1411 0.1111111111111111
469 1811 0.045454545454545456
479 1707 0.14285714285714285
481 1224 0.05263157894736842
490 150 0.02702702702702703
490 196 0.045454545454545456
490 1222 0.02564102564102564
490 1538 0.05
490 1660 0.03333333333333333
490 1777 0.02857142857142857
490 1814 0.02631578947368421
490 1818 0.03125
490 1819 0.02857142857142857
491 1457 0.043478260869565216
491 1793 0.03125
493 1119 0.05
493 1323 0.02857142857142857
493 1375 0.034482758620689655
496 68 0.07407407407407407
496 1094 0.037037037037037035
496 1255 0.034482758620689655
496 1283 0.023255813953488372
496 1354 0.043478260869565216
496 1504 0.07142857142857142
496 1540 0.02631578947368421
496 1542 0.03571428571428571
496 1724 0.03225806451612903
496 1775 0.1111111111111111
496 1785 0.05555555555555555
496 1816 0.041666666666666664
496 1819 0.03125
496 1844 0.03225806451612903
496 1999 0.07142857142857142
497 443 0.0625
497 951 0.043478260869565216
497 1026 0.06666666666666667
497 1197 0.09090909090909091
497 1222 0.03125
497 1228 0.041666666666666664
497 1272 0.041666666666666664
497 1287 0.08333333333333333
497 1477 0.043478260869565216
497 1543 0.043478260869565216
497 1545 0.05555555555555555
497 1703 0.043478260869565216
497 1776 0.058823529411764705
497 1808 0.038461538461538464
497 1824 0.058823529411764705
497 1839 0.03225806451612903
497 1844 0.037037037037037035
498 500 0.0625
498 1040 0.038461538461538464
498 1197 0.07142857142857142
498 1541 0.0625
498 1788 0.05
498 1991 0.0625
500 260 0.038461538461538464
500 498 0.0625
500 595 0.16666666666666666
500 877 0.02631578947368421
500 1040 0.043478260869565216
500 1197 0.09090909090909091
500 1228 0.041666666666666664
500 1283 0.02564102564102564
500 1457 0.041666666666666664
500 1536 0.045454545454545456
500 1541 0.07692307692307693
500 1548 0.058823529411764705
500 1656 0.04
500 1689 0.047619047619047616
500 1788 0.058823529411764705
500 1814 0.03225806451612903
500 1816 0.05
500 1819 0.03571428571428571
500 1824 0.058823529411764705
500 1924 0.029411764705882353
500 1934 0.041666666666666664
500 1936 0.03225806451612903
500 1991 0.07692307692307693
504 328 0.1111111111111111
504 538 0.11764705882352941
515 1586 0.04
519 18 0.047619047619047616
519 196 0.05555555555555555
519 1523 0.030303030303030304
519 1806 0.03571428571428571
519 1809 0.03125
519 1826 0.023255813953488372
519 1920 0.11764705882352941
519 1963 0.05263157894736842
523 1660 0.05
537 1015 0.037037037037037035
537 1285 0.023255813953488372
537 1335 0.08333333333333333
537 1608 0.047619047619047616
537 1799 0.1111111111111111
537 1962 0.038461538461538464
538 328 0.1
538 504 0.11764705882352941
554 1092 0.07692307692307693
554 1123 0.1
554 1642 0.041666666666666664
554 1687 0.2
554 1780 0.06666666666666667
554 1922 0.09090909090909091
554 2009 0.058823529411764705
561 578 0.09090909090909091
561 608 0.07692307692307693
561 711 0.038461538461538464
561 1005 0.07142857142857142
561 1044 0.037037037037037035
561 1092 0.07142857142857142
561 1103 0.041666666666666664
561 1105 0.038461538461538464
561 1123 0.09090909090909091
561 1220 0.041666666666666664
561 1252 0.041666666666666664
561 1255 0.043478260869565216
561 1360 0.05263157894736842
561 1410 0.047619047619047616
561 1441 0.04
561 1526 0.047619047619047616
561 1532 0.09090909090909091
561 1591 0.05
561 1641 0.04
561 1644 0.043478260869565216
561 1786 0.0625
561 1797 0.125
561 1799 0.07142857142857142
561 1817 0.02857142857142857
561 1822 0.05
561 1841 0.05263157894736842
561 1844 0.04
561 1904 0.05263157894736842
561 1907 0.05555555555555555
561 1924 0.03125
561 1973 0.045454545454545456
561 1974 0.041666666666666664
577 1264 0.04
577 1756 0.045454545454545456
578 182 0.07142857142857142
578 561 0.09090909090909091
578 595 0.07692307692307693
578 608 0.06666666666666667
578 711 0.03571428571428571
578 883 0.047619047619047616
578 973 0.08333333333333333
578 1005 0.0625
578 1044 0.034482758620689655
578 1092 0.13333333333333333
578 1105 0.03571428571428571
578 1123 0.16666666666666666
578 1220 0.038461538461538464
578 1252 0.038461538461538464
578 1360 0.047619047619047616
578 1410 0.043478260869565216
578 1441 0.037037037037037035
578 1526 0.043478260869565216
578 1532 0.07692307692307693
578 1591 0.045454545454545456
578 1599 0.03571428571428571
578 1644 0.04
578 1654 0.041666666666666664
578 1658 0.037037037037037035
578 1662 0.07142857142857142
578 1683 0.047619047619047616
578 1786 0.05555555555555555
578 1797 0.1
578 1799 0.0625
578 1817 0.02702702702702703
578 1822 0.045454545454545456
578 1841 0.047619047619047616
578 1907 0.05
578 1924 0.029411764705882353
578 1973 0.041666666666666664
585 196 0.05
585 622 0.030303030303030304
585 961 0.027777777777777776
585 1025 0.027777777777777776
585 1037 0.034482758620689655
585 1181 0.037037037037037035
585 1685 0.03125
585 1795 0.047619047619047616
585 1920 0.05
595 182 0.07142857142857142
595 500 0.16666666666666666
595 578 0.07692307692307693
595 709 0.07692307692307693
595 1123 0.07692307692307693
595 1283 0.02564102564102564
595 1440 0.041666666666666664
595 1442 0.037037037037037035
595 1536 0.045454545454545456
595 1654 0.041666666666666664
595 1662 0.07142857142857142
595 1689 0.1
595 1816 0.05
595 1924 0.06060606060606061
595 1936 0.03225806451612903
600 5 0.02702702702702703
600 1139 0.045454545454545456
600 1674 0.030303030303030304
600 1703 0.030303030303030304
607 439 0.058823529411764705
607 620 0.034482758620689655
607 1008 0.034482758620689655
607 1013 0.047619047619047616
607 1071 0.05555555555555555
607 1145 0.037037037037037035
607 1193 0.03125
607 1195 0.022727272727272728
607 1522 0.02857142857142857
607 1684 0.037037037037037035
607 1841 0.038461538461538464
607 1903 0.045454545454545456
607 1924 0.02564102564102564
608 561 0.07692307692307693
608 578 0.06666666666666667
608 711 0.03333333333333333
608 778 0.05555555555555555
608 1005 0.11764705882352941
608 1044 0.03225806451612903
608 1092 0.05555555555555555
608 1105 0.03333333333333333
608 1123 0.06666666666666667
608 1220 0.03571428571428571
608 1252 0.03571428571428571
608 1360 0.043478260869565216
608 1394 0.041666666666666664
608 1410 0.04
608 1441 0.034482758620689655
608 1526 0.04
608 1532 0.06666666666666667
608 1591 0.041666666666666664
608 1644 0.037037037037037035
608 1660 0.04
608 1786 0.05
608 1797 0.08333333333333333
608 1799 0.05555555555555555
608 1817 0.02564102564102564
608 1822 0.041666666666666664
608 1841 0.043478260869565216
608 1903 0.05263157894736842
608 1907 0.045454545454545456
608 1924 0.027777777777777776
608 1973 0.038461538461538464
610 396 0.42857142857142855
610 397 0.25
610 398 0.1111111111111111
610 1366 0.25
620 607 0.034482758620689655
620 679 0.047619047619047616
620 1013 0.037037037037037035
620 1195 0.02
620 1312 0.034482758620689655
620 1865 0.038461538461538464
622 92 0.03125
622 196 0.03333333333333333
622 585 0.030303030303030304
622 711 0.023255813953488372
622 809 0.025
622 956 0.014925373134328358
622 961 0.044444444444444446
622 1025 0.044444444444444446
622 1037 0.02564102564102564
622 1069 0.027777777777777776
622 1091 0.03125
622 1092 0.03225806451612903
622 1128 0.06818181818181818
622 1181 0.02702702702702703
622 1285 0.01818181818181818
622 1436 0.023255813953488372
622 1441 0.023809523809523808
622 1478 0.05714285714285714
622 1479 0.043478260869565216
622 1519 0.05
622 1531 0.022727272727272728
622 1662 0.034482758620689655
622 1685 0.023809523809523808
622 1728 0.027777777777777776
622 1794 0.029411764705882353
622 1795 0.03225806451612903
622 1822 0.02702702702702703
622 1829 0.02631578947368421
622 1831 0.023809523809523808
622 1919 0.025
622 1920 0.03333333333333333
622 1955 0.02857142857142857
622 1974 0.024390243902439025
622 2012 0.02702702702702703
626 1966 0.037037037037037035
664 1324 0.03333333333333333
679 620 0.047619047619047616
685 711 0.037037037037037035
685 1541 0.08333333333333333
685 1733 0.045454545454545456
687 688 0.3333333333333333
688 687 0.3333333333333333
689 877 0.017857142857142856
689 1156 0.023809523809523808
689 1157 0.023255813953488372
689 1168 0.037037037037037035
689 1191 0.047619047619047616
689 1535 0.02564102564102564
689 1752 0.027777777777777776
689 1779 0.02631578947368421
689 1797 0.03571428571428571
689 1806 0.023255813953488372
689 1817 0.01818181818181818
689 1841 0.02564102564102564
689 1965 0.02631578947368421
689 1971 0.025
689 1988 0.02702702702702703
698 1771 0.041666666666666664
709 595 0.07692307692307693
709 961 0.06666666666666667
709 1093 0.038461538461538464
709 1130 0.05
709 1220 0.038461538461538464
709 1245 0.07142857142857142
709 1253 0.02857142857142857
709 1284 0.05263157894736842
709 1323 0.03225806451612903
709 1361 0.047619047619047616
709 1458 0.047619047619047616
709 1489 0.1111111111111111
709 1519 0.038461538461538464
709 1523 0.03333333333333333
709 1549 0.06666666666666667
709 1558 0.047619047619047616
709 1581 0.041666666666666664
709 1583 0.07692307692307693
709 1634 0.05
709 1647 0.034482758620689655
709 1659 0.05
709 1781 0.06666666666666667
709 1789 0.04
709 1804 0.08333333333333333
709 1938 0.03571428571428571
711 150 0.022222222222222223
711 259 0.023255813953488372
711 260 0.024390243902439025
711 561 0.038461538461538464
711 578 0.03571428571428571
711 608 0.03333333333333333
711 622 0.023255813953488372
711 685 0.037037037037037035
711 877 0.018867924528301886
711 1005 0.03225806451612903
711 1044 0.022727272727272728
711 1092 0.03225806451612903
711 1105 0.023255813953488372
711 1123 0.03571428571428571
711 1142 0.02040816326530612
711 1220 0.024390243902439025
711 1252 0.05
711 1253 0.02
711 1256 0.025
711 1360 0.027777777777777776
711 1410 0.02631578947368421
711 1436 0.023255813953488372
711 1441 0.04878048780487805
711 1461 0.02702702702702703
711 1525 0.025
711 1526 0.02631578947368421
711 1532 0.03571428571428571
711 1537 0.03125
711 1591 0.02702702702702703
711 1644 0.025
711 1728 0.027777777777777776
711 1733 0.02631578947368421
711 1786 0.030303030303030304
711 1797 0.04
711 1799 0.03225806451612903
711 1817 0.0392156862745098
711 1822 0.05555555555555555
711 1841 0.027777777777777776
711 1907 0.02857142857142857
711 1918 0.025
711 1919 0.025
711 1923 0.023809523809523808
711 1924 0.02040816326530612
711 1951 0.03125
711 1955 0.02857142857142857
711 1973 0.02564102564102564
711 1974 0.024390243902439025
713 1375 0.047619047619047616
719 1106 0.041666666666666664
737 910 0.08333333333333333
737 1245 0.06666666666666667
737 1323 0.03125
737 1453 0.045454545454545456
737 1549 0.0625
737 1648 0.03225806451612903
737 1728 0.045454545454545456
737 1763 0.07692307692307693
737 1821 0.03571428571428571
737 1959 0.045454545454545456
744 279 0.1
744 890 0.05555555555555555
744 1222 0.030303030303030304
744 1416 0.041666666666666664
744 1617 0.05263157894736842
744 1794 0.05
744 1948 0.07692307692307693
744 1955 0.047619047619047616
746 120 0.043478260869565216
746 1519 0.03571428571428571
747 1952 0.14285714285714285
748 316 0.027777777777777776
748 415 0.1
748 437 0.09090909090909091
748 876 0.030303030303030304
748 1082 0.03225806451612903
748 1126 0.045454545454545456
748 1537 0.06666666666666667
748 1626 0.05263157894736842
748 1647 0.037037037037037035
748 2015 0.045454545454545456
751 316 0.02040816326530612
751 861 0.02857142857142857
751 877 0.02040816326530612
751 961 0.023809523809523808
751 1007 0.03333333333333333
751 1046 0.02702702702702703
751 1069 0.03125
751 1076 0.029411764705882353
751 1077 0.023255813953488372
751 1102 0.038461538461538464
751 1104 0.038461538461538464
751 1222 0.047619047619047616
751 1228 0.02857142857142857
751 1281 0.02702702702702703
751 1292 0.03225806451612903
751 1296 0.030303030303030304
751 1323 0.023809523809523808
751 1358 0.037037037037037035
751 1370 0.03225806451612903
751 1377 0.058823529411764705
751 1385 0.03225806451612903
751 1440 0.02857142857142857
751 1523 0.024390243902439025
751 1538 0.08695652173913043
751 1541 0.041666666666666664
751 1588 0.05263157894736842
751 1753 0.038461538461538464
751 1774 0.03333333333333333
751 1782 0.023809523809523808
751 1804 0.043478260869565216
751 1811 0.027777777777777776
751 1814 0.023809523809523808
751 1818 0.05714285714285714
751 1822 0.030303030303030304
751 1823 0.030303030303030304
751 1842 0.023255813953488372
751 1844 0.02631578947368421
751 1933 0.029411764705882353
751 1934 0.02857142857142857
751 1973 0.02857142857142857
777 1457 0.03333333333333333
777 1813 0.02631578947368421
778 608 0.05555555555555555
778 1005 0.05263157894736842
778 1394 0.04
778 1660 0.038461538461538464
778 1903 0.05
786 956 0.02
786 1040 0.047619047619047616
786 1112 0.0625
786 1285 0.02631578947368421
786 1440 0.045454545454545456
786 1641 0.04
786 1919 0.043478260869565216
786 1981 0.07142857142857142
786 2015 0.045454545454545456
793 5 0.03333333333333333
793 248 0.07692307692307693
793 259 0.03225806451612903
793 980 0.034482758620689655
793 1168 0.08333333333333333
793 1207 0.037037037037037035
793 1374 0.03571428571428571
798 1104 0.1
798 1523 0.04
798 1536 0.058823529411764705
798 1587 0.16666666666666666
809 117 0.03125
809 336 0.034482758620689655
809 622 0.025
809 972 0.029411764705882353
809 1523 0.023809523809523808
809 1669 0.027777777777777776
809 1998 0.027777777777777776
813 1937 0.05
815 414 0.1111111111111111
815 1395 0.1111111111111111
825 1318 0.125
840 283 0.041666666666666664
840 861 0.03333333333333333
840 1044 0.02857142857142857
840 1118 0.03225806451612903
840 1245 0.05
840 1689 0.037037037037037035
840 1908 0.0625
840 1973 0.03333333333333333
861 232 0.05
861 316 0.02040816326530612
861 358 0.03225806451612903
861 751 0.02857142857142857
861 840 0.03333333333333333
861 924 0.04
861 961 0.023809523809523808
861 1007 0.03333333333333333
861 1045 0.025
861 1046 0.02702702702702703
861 1069 0.03125
861 1076 0.029411764705882353
861 1077 0.023255813953488372
861 1102 0.038461538461538464
861 1104 0.038461538461538464
861 1105 0.02564102564102564
861 1127 0.027777777777777776
861 1132 0.045454545454545456
861 1191 0.027777777777777776
861 1222 0.023255813953488372
861 1225 0.023809523809523808
861 1228 0.02857142857142857
861 1281 0.02702702702702703
861 1283 0.02
861 1285 0.0196078431372549
861 1292 0.06666666666666667
861 1294 0.02857142857142857
861 1296 0.030303030303030304
861 1323 0.023809523809523808
861 1358 0.037037037037037035
861 1370 0.03225806451612903
861 1377 0.058823529411764705
861 1440 0.02857142857142857
861 1441 0.02631578947368421
861 1453 0.03125
861 1457 0.02857142857142857
861 1490 0.03125
861 1534 0.02702702702702703
861 1642 0.02631578947368421
861 1643 0.027777777777777776
861 1656 0.027777777777777776
861 1753 0.038461538461538464
861 1763 0.043478260869565216
861 1774 0.03333333333333333
861 1782 0.023809523809523808
861 1806 0.027777777777777776
861 1809 0.025
861 1811 0.027777777777777776
861 1818 0.05714285714285714
861 1822 0.030303030303030304
861 1823 0.030303030303030304
861 1840 0.025
861 1841 0.03125
861 1842 0.023255813953488372
861 1844 0.02631578947368421
861 1856 0.03571428571428571
861 1933 0.029411764705882353
861 1953 0.03125
861 1963 0.037037037037037035
861 1968 0.029411764705882353
861 1973 0.02857142857142857
864 413 0.05555555555555555
864 460 0.0625
864 980 0.03125
864 1709 0.037037037037037035
864 1751 0.041666666666666664
864 1831 0.030303030303030304
864 1933 0.034482758620689655
876 117 0.023809523809523808
876 255 0.014492753623188406
876 316 0.016666666666666666
876 415 0.029411764705882353
876 437 0.02857142857142857
876 748 0.030303030303030304
876 899 0.03125
876 1045 0.0196078431372549
876 1126 0.021739130434782608
876 1142 0.017857142857142856
876 1146 0.02
876 1429 0.018518518518518517
876 1456 0.020833333333333332
876 1537 0.02564102564102564
876 1541 0.02857142857142857
876 1626 0.023255813953488372
876 1647 0.0196078431372549
876 1694 0.022727272727272728
876 1800 0.023809523809523808
876 1808 0.020833333333333332
876 1814 0.018867924528301886
876 1817 0.034482758620689655
876 1819 0.02
876 1821 0.02040816326530612
876 1839 0.018867924528301886
876 1840 0.0196078431372549
876 1843 0.03333333333333333
876 1844 0.02040816326530612
876 1963 0.02631578947368421
877 150 0.01818181818181818
877 259 0.018867924528301886
877 260 0.04
877 285 0.027777777777777776
877 346 0.023255813953488372
877 500 0.02631578947368421
877 689 0.017857142857142856
877 711 0.018867924528301886
877 751 0.02040816326530612
877 975 0.02040816326530612
877 1102 0.025
877 1139 0.02702702702702703
877 1157 0.02
877 1168 0.029411764705882353
877 1193 0.019230769230769232
877 1195 0.015625
877 1220 0.0196078431372549
877 1228 0.02040816326530612
877 1252 0.0196078431372549
877 1253 0.03389830508474576
877 1269 0.021739130434782608
877 1283 0.06557377049180328
877 1323 0.017857142857142856
877 1420 0.023809523809523808
877 1457 0.02040816326530612
877 1523 0.037037037037037035
877 1525 0.02
877 1535 0.021739130434782608
877 1538 0.02631578947368421
877 1542 0.02040816326530612
877 1596 0.017543859649122806
877 1656 0.02
877 1722 0.022222222222222223
877 1757 0.02040816326530612
877 1779 0.022222222222222223
877 1782 0.017857142857142856
877 1797 0.02857142857142857
877 1801 0.024390243902439025
877 1804 0.02702702702702703
877 1814 0.017857142857142856
877 1817 0.03278688524590164
877 1819 0.018867924528301886
877 1824 0.023809523809523808
877 1853 0.04081632653061224
877 1923 0.06
877 1928 0.044444444444444446
877 1934 0.02040816326530612
877 1951 0.023809523809523808
877 1965 0.022222222222222223
877 1971 0.02127659574468085
883 342 0.03225806451612903
883 578 0.047619047619047616
883 973 0.05
883 1050 0.037037037037037035
883 1092 0.041666666666666664
883 1442 0.02857142857142857
883 1599 0.027777777777777776
883 1658 0.02857142857142857
883 1683 0.034482758620689655
883 1980 0.03125
884 18 0.03333333333333333
884 150 0.023809523809523808
884 1029 0.023809523809523808
884 1462 0.022727272727272728
884 1786 0.03333333333333333
888 1026 0.07142857142857142
888 1288 0.05
890 744 0.05555555555555555
890 972 0.038461538461538464
890 1416 0.07692307692307693
890 1617 0.045454545454545456
890 1894 0.043478260869565216
895 1101 0.030303030303030304
895 2008 0.041666666666666664
899 117 0.058823529411764705
899 876 0.03125
899 1410 0.05
910 737 0.08333333333333333
910 1763 0.1
918 118 0.041666666666666664
918 980 0.030303030303030304
918 1773 0.03225806451612903
918 1958 0.038461538461538464
920 1011 0.05263157894736842
920 1117 0.09090909090909091
920 1126 0.04
920 1157 0.038461538461538464
920 1389 0.09090909090909091
920 1694 0.043478260869565216
920 1810 0.03225806451612903
921 468 0.06666666666666667
924 232 0.1
924 861 0.04
924 1763 0.07692307692307693
926 169 0.029411764705882353
926 1066 0.02631578947368421
926 1142 0.0196078431372549
926 1283 0.017857142857142856
926 1360 0.02631578947368421
926 1840 0.021739130434782608
926 1888 0.030303030303030304
926 1902 0.021739130434782608
926 1910 0.02857142857142857
926 2006 0.03225806451612903
938 255 0.017543859649122806
938 1429 0.023809523809523808
938 1507 0.02857142857142857
938 1618 0.03225806451612903
938 1696 0.02631578947368421
938 1716 0.03125
938 1779 0.03333333333333333
938 1809 0.02564102564102564
938 1817 0.02127659574468085
938 1863 0.029411764705882353
938 1884 0.04
938 1927 0.02702702702702703
950 120 0.04
950 961 0.02857142857142857
950 1029 0.029411764705882353
950 1077 0.027777777777777776
950 1081 0.03571428571428571
950 1292 0.041666666666666664
950 1442 0.03225806451612903
950 1456 0.03333333333333333
950 1523 0.06060606060606061
950 1549 0.05263157894736842
950 1581 0.03571428571428571
950 1586 0.041666666666666664
950 1597 0.058823529411764705
950 1644 0.034482758620689655
950 1789 0.034482758620689655
950 1801 0.05
950 1822 0.038461538461538464
950 1924 0.05405405405405406
951 297 0.03225806451612903
951 497 0.043478260869565216
951 961 0.024390243902439025
951 1197 0.047619047619047616
951 1272 0.029411764705882353
951 1579 0.02631578947368421
951 1703 0.0625
951 1776 0.07692307692307693
951 1824 0.037037037037037035
951 1839 0.024390243902439025
951 1911 0.03333333333333333
952 1258 0.043478260869565216
952 1961 0.0625
956 92 0.017857142857142856
956 248 0.02040816326530612
956 255 0.011627906976744186
956 340 0.013157894736842105
956 622 0.014925373134328358
956 786 0.02
956 973 0.0196078431372549
956 1025 0.014285714285714285
956 1040 0.016129032258064516
956 1112 0.017543859649122806
956 1128 0.014285714285714285
956 1145 0.01639344262295082
956 1193 0.03076923076923077
956 1285 0.02564102564102564
956 1286 0.0136986301369863
956 1316 0.014925373134328358
956 1384 0.01694915254237288
956 1440 0.015873015873015872
956 1441 0.015151515151515152
956 1458 0.016666666666666666
956 1477 0.016129032258064516
956 1531 0.014705882352941176
956 1596 0.014084507042253521
956 1626 0.016666666666666666
956 1640 0.04
956 1641 0.015151515151515152
956 1753 0.018518518518518517
956 1794 0.017241379310344827
956 1806 0.015625
956 1829 0.016129032258064516
956 1906 0.01639344262295082
956 1907 0.01694915254237288
956 1910 0.017543859649122806
956 1919 0.015625
956 1933 0.016129032258064516
956 1948 0.0196078431372549
956 1954 0.015151515151515152
956 1962 0.016129032258064516
956 1981 0.01818181818181818
956 2007 0.02
956 2015 0.015873015873015872
961 196 0.030303030303030304
961 297 0.02564102564102564
